24 31 0 30
30

1
109
2 9
16 23

2
2
2 22
3 22

3
1
3 8
3 8

4
26
4 5
13 11

5
6
24 31
4 28

6
4
24 31
5 3

7
3
24 31
6 26

8
5
8 27
9 29

9
1
11 3
11 3

10
5
11 4
14 5

11
3
13 3
15 3

12
1
14 26
14 26

13
1
14 30
14 30

14
1
15 23
15 23

15
1
15 27
15 27

16
43
16 19
24 30

17
22
17 3
21 8

18
1
24 31
16 10

19
1
24 31
17 2

20
2
24 31
17 9

21
9
24 31
19 18

22
1
24 31
18 20

23
2
24 31
19 19

24
1
24 31
19 21

25
3
24 31
22 14

26
1
0 0
20 22

27
8
0 0
24 17

28
2
0 0
22 20

29
1
0 0
22 4

30
1
0 0
23 3

